*** Cities are numbered 0..n-1 and each line shows a leg from one city to the next 
 followed by the distance rounded to integers***

2950 2950
0 267 8
267 523 7
523 971 5
971 297 6
297 333 8
333 1254 4
1254 1019 7
1019 454 11
454 542 6
542 434 8
434 553 5
553 1126 7
1126 813 4
813 1010 6
1010 771 9
771 1514 6
1514 972 10
972 2797 4
2797 809 7
809 1849 5
1849 1918 8
1918 1707 7
1707 1216 6
1216 605 9
605 367 4
367 268 6
268 349 5
349 696 4
696 241 8
241 443 5
443 295 4
295 533 4
533 342 4
342 992 8
992 1724 4
1724 464 3
464 196 7
196 1210 5
1210 1931 6
1931 1003 6
1003 448 6
448 698 4
698 2116 5
2116 501 4
501 275 6
275 398 3
398 115 6
115 886 5
886 1043 4
1043 1020 5
1020 1306 6
1306 914 3
914 1000 4
1000 425 7
425 506 6
506 1009 7
1009 2233 8
2233 1376 8
1376 873 7
873 727 6
727 1926 8
1926 1164 7
1164 1177 11
1177 1833 6
1833 134 5
134 839 6
839 1179 12
1179 1405 7
1405 442 7
442 2322 5
2322 1196 3
1196 1249 12
1249 1148 11
1148 2031 7
2031 1053 14
1053 2319 3
2319 2353 9
2353 1099 6
1099 1022 4
1022 530 4
530 512 5
512 350 4
350 1077 6
1077 657 7
657 667 6
667 313 3
313 554 5
554 43 4
43 576 6
576 412 5
412 715 2
715 1252 6
1252 752 8
752 946 7
946 1026 7
1026 1326 8
1326 1895 8
1895 1494 8
1494 1393 4
1393 1627 9
1627 2812 5
2812 1678 10
1678 1014 5
1014 382 4
382 1279 8
1279 1952 5
1952 1353 6
1353 822 9
822 112 9
112 1699 5
1699 2759 7
2759 1794 6
1794 2591 3
2591 2173 4
2173 2240 8
2240 2261 2
2261 1288 10
1288 1661 8
1661 1758 4
1758 1340 8
1340 1883 4
1883 2625 8
2625 1410 8
1410 2115 8
2115 1342 6
1342 911 4
911 1243 4
1243 200 4
200 1387 4
1387 131 3
131 1508 5
1508 615 4
615 1585 5
1585 400 7
400 383 2
383 987 4
987 26 5
26 429 9
429 689 4
689 439 4
439 1961 5
1961 701 6
701 901 3
901 966 11
966 2864 6
2864 557 6
557 1568 6
1568 1072 6
1072 2100 7
2100 1282 3
1282 1886 7
1886 634 8
634 2582 8
2582 1378 7
1378 690 7
690 1341 6
1341 190 6
190 638 3
638 1650 4
1650 2783 8
2783 1089 6
1089 585 7
585 593 8
593 519 6
519 502 8
502 102 6
102 1505 6
1505 2845 6
2845 2808 7
2808 1903 4
1903 490 5
490 2384 8
2384 1600 7
1600 1638 4
1638 255 6
255 609 3
609 473 3
473 54 2
54 641 5
641 391 4
391 586 6
586 1864 6
1864 433 10
433 1573 4
1573 239 7
239 2041 6
2041 123 14
123 167 8
167 203 4
203 216 7
216 119 13
119 518 4
518 654 6
654 560 9
560 100 4
100 1407 7
1407 1059 4
1059 2558 8
2558 2740 6
2740 304 8
304 892 4
892 2262 10
2262 1207 7
1207 704 5
704 744 5
744 53 3
53 694 5
694 1877 4
1877 959 4
959 1989 4
1989 862 6
862 1351 7
1351 1554 6
1554 1976 4
1976 1156 7
1156 755 5
755 1423 4
1423 2062 4
2062 2192 9
2192 1897 7
1897 1466 8
1466 2736 5
2736 1962 6
1962 2060 7
2060 96 7
96 1715 7
1715 2518 4
2518 2125 8
2125 2013 6
2013 2585 6
2585 2527 6
2527 1109 5
1109 1457 8
1457 2730 6
2730 2483 5
2483 184 4
184 1835 9
1835 762 5
762 13 7
13 767 2
767 457 6
457 2570 4
2570 1593 4
1593 2374 8
2374 2578 5
2578 2468 9
2468 2529 6
2529 2745 6
2745 2710 7
2710 2540 8
2540 2904 5
2904 2165 8
2165 415 6
415 1435 5
1435 2512 6
2512 2228 7
2228 263 7
263 2039 4
2039 2475 6
2475 259 6
259 2530 6
2530 2204 6
2204 228 7
228 1789 4
1789 2872 4
2872 2782 8
2782 2373 7
2373 23 6
23 2069 4
2069 2880 9
2880 2907 7
2907 2640 6
2640 2611 6
2611 1859 6
1859 1721 3
1721 1398 8
1398 1433 5
1433 2773 5
2773 63 4
63 2664 10
2664 1565 10
1565 2718 10
2718 1538 6
1538 626 3
626 1248 10
1248 2715 2
2715 2694 6
2694 2481 12
2481 2714 4
2714 2639 7
2639 2599 7
2599 1646 6
1646 1443 8
1443 2846 11
2846 2137 8
2137 2337 9
2337 2804 12
2804 214 9
214 1949 15
1949 1460 11
1460 2434 25
2434 336 10
336 114 7
114 859 7
859 217 7
217 1095 4
1095 975 6
975 168 7
168 1959 8
1959 2011 8
2011 1772 6
1772 1942 7
1942 2243 3
2243 160 7
160 2389 8
2389 2725 10
2725 2440 10
2440 1519 8
1519 2663 11
2663 51 12
51 2497 4
2497 2400 6
2400 2004 10
2004 2093 8
2093 2616 6
2616 1673 8
1673 2099 11
2099 1560 8
1560 2556 6
2556 2089 8
2089 2548 11
2548 2358 8
2358 2554 12
2554 1448 14
1448 1447 7
1447 2584 4
2584 170 6
170 2029 9
2029 2304 8
2304 2936 7
2936 2758 11
2758 1955 7
1955 2067 10
2067 2498 6
2498 192 8
192 2035 3
2035 1669 6
1669 984 4
984 65 8
65 687 5
687 2496 12
2496 2420 6
2420 2395 10
2395 158 11
158 2241 7
2241 2321 11
2321 2672 9
2672 1929 6
1929 1852 4
1852 2870 11
2870 1055 10
1055 1830 10
1830 1263 12
1263 14 5
14 985 6
985 906 8
906 2439 8
2439 242 8
242 1473 6
1473 680 6
680 1329 6
1329 548 6
548 617 3
617 737 9
737 1698 3
1698 662 10
662 435 6
435 1720 4
1720 1848 12
1848 1574 5
1574 1129 7
1129 1832 4
1832 2645 7
2645 2590 6
2590 2612 6
2612 686 10
686 2792 7
2792 40 5
40 1921 10
1921 2550 9
2550 2471 5
2471 2311 10
2311 2283 4
2283 2063 7
2063 1982 9
1982 1238 8
1238 1506 8
1506 1869 4
1869 590 4
590 1006 11
1006 227 4
227 1668 4
1668 1586 6
1586 1215 10
1215 1767 8
1767 1469 6
1469 1168 8
1168 1086 3
1086 41 5
41 1234 6
1234 1346 3
1346 2053 10
2053 561 8
561 2646 6
2646 1245 6
1245 2296 5
2296 2777 7
2777 1748 7
1748 869 7
869 392 7
392 2813 6
2813 1512 8
1512 1782 11
1782 362 11
362 1471 14
1471 514 16
514 175 8
175 1303 14
1303 2661 4
2661 2903 7
2903 2744 7
2744 2387 8
2387 495 8
495 1743 5
1743 2150 6
2150 2044 6
2044 900 4
900 2709 6
2709 526 5
526 404 3
404 945 6
945 601 9
601 2260 6
2260 1932 7
1932 1535 4
1535 2064 7
2064 1969 6
1969 1978 8
1978 2186 6
2186 2378 6
2378 2457 8
2457 2741 7
2741 2551 4
2551 2281 6
2281 1616 8
1616 1253 8
1253 462 2
462 15 4
15 1995 6
1995 292 5
292 1174 5
1174 999 7
999 1187 5
1187 1305 3
1305 1924 8
1924 64 6
64 949 6
949 2368 7
2368 941 11
941 921 2
921 1100 7
1100 1490 7
1490 2139 4
2139 1571 3
1571 1328 5
1328 2117 10
2117 2575 7
2575 1068 10
1068 2424 13
2424 2806 4
2806 2521 6
2521 1738 9
1738 2686 8
2686 2324 7
2324 808 7
808 2317 9
2317 2544 10
2544 2774 8
2774 1607 8
1607 2313 4
2313 1970 6
1970 2205 6
2205 1045 9
1045 1617 2
1617 1200 5
1200 1449 11
1449 1304 10
1304 2339 10
2339 146 11
146 1134 4
1134 2375 6
2375 1520 4
1520 301 6
301 312 4
312 565 7
565 108 7
108 344 8
344 390 3
390 656 4
656 1799 6
1799 148 16
148 948 19
948 636 5
636 1373 5
1373 1687 9
1687 233 6
233 1209 6
1209 2502 7
2502 2707 8
2707 20 7
20 932 6
932 1933 6
1933 1033 4
1033 1211 10
1211 1543 4
1543 1073 9
1073 582 6
582 317 3
317 358 5
358 370 4
370 726 5
726 665 9
665 1516 11
1516 1380 8
1380 1040 4
1040 357 7
357 2017 6
2017 1464 6
1464 107 5
107 1025 5
1025 1075 7
1075 1453 7
1453 1722 6
1722 1660 7
1660 1777 9
1777 1558 8
1558 2446 9
2446 2602 4
2602 2141 7
2141 2058 8
2058 2109 10
2109 2557 5
2557 2220 7
2220 2065 5
2065 1181 9
1181 1064 6
1064 2266 7
2266 1104 7
1104 1360 8
1360 1511 3
1511 2068 7
2068 2408 6
2408 2820 4
2820 2370 7
2370 950 11
950 2344 8
2344 2215 8
2215 2126 5
2126 2350 9
2350 1604 6
1604 2034 5
2034 666 6
666 573 4
573 31 4
31 996 4
996 497 7
497 600 7
600 2687 9
2687 2379 4
2379 872 6
872 1863 6
1863 621 4
621 1599 7
1599 279 6
279 396 4
396 1999 7
1999 2587 8
2587 878 6
878 1682 12
1682 2929 7
2929 2462 4
2462 1256 7
1256 2712 9
2712 373 8
373 2345 4
2345 2447 6
2447 2431 8
2431 2607 7
2607 128 7
128 1762 9
1762 2210 6
2210 1528 4
1528 372 12
372 1028 8
1028 482 9
482 2793 6
2793 1224 9
1224 2719 10
2719 2177 7
2177 990 8
990 307 6
307 1170 9
1170 1421 5
1421 2252 9
2252 2670 9
2670 587 8
587 2423 6
2423 1991 6
1991 1619 5
1619 1757 7
1757 2705 6
2705 2140 7
2140 194 6
194 1691 8
1691 2450 8
2450 1350 10
1350 2765 5
2765 2323 4
2323 1242 4
1242 2326 7
2326 1730 6
1730 2807 8
2807 2682 10
2682 2583 8
2583 2676 7
2676 2310 7
2310 2288 6
2288 2291 4
2291 1225 7
1225 1870 8
1870 436 11
436 338 2
338 532 6
532 1221 8
1221 11 4
11 977 4
977 757 3
757 651 6
651 2393 9
2393 1556 5
1556 2199 6
2199 1455 6
1455 1688 6
1688 1430 4
1430 467 6
467 101 8
101 930 4
930 803 12
803 1770 8
1770 1523 6
1523 2224 4
2224 2111 6
2111 1309 5
1309 1173 8
1173 1851 3
1851 126 5
126 723 8
723 152 8
152 104 6
104 1008 5
1008 1732 14
1732 1696 6
1696 2287 5
2287 1432 9
1432 1891 7
1891 2453 4
2453 296 14
296 2009 7
2009 931 3
931 758 10
758 2188 8
2188 1297 3
1297 2650 6
2650 49 5
49 922 9
922 925 5
925 1167 8
1167 1726 6
1726 2722 13
2722 2222 15
2222 260 7
260 1157 12
1157 1236 11
1236 204 8
204 2128 6
2128 1149 4
1149 2657 11
2657 2620 9
2620 1496 7
1496 529 4
529 191 11
191 1067 3
1067 411 13
411 1255 6
1255 1230 6
1230 2217 10
2217 56 7
56 2684 4
2684 2077 6
2077 2853 7
2853 2293 5
2293 1953 15
1953 1579 4
1579 229 6
229 1793 7
1793 929 4
929 844 9
844 1262 11
1262 2161 4
2161 786 4
786 1555 4
1555 1495 4
1495 1418 9
1418 379 2
379 1663 4
1663 1132 6
1132 521 7
521 630 4
630 783 9
783 555 10
555 78 8
78 345 7
345 6 7
6 72 9
72 681 5
681 695 6
695 389 6
389 592 6
592 1998 5
1998 800 8
800 2037 5
2037 2122 4
2122 39 8
39 1491 6
1491 1705 7
1705 1966 6
1966 1620 10
1620 2196 6
2196 2559 9
2559 1589 6
1589 1940 6
1940 201 12
201 2328 8
2328 559 8
559 942 4
942 463 10
463 1951 13
1951 137 13
137 571 4
571 428 9
428 643 4
643 1598 7
1598 83 5
83 611 9
611 543 8
543 740 7
740 1665 4
1665 1054 8
1054 746 4
746 261 23
261 303 12
303 1120 6
1120 492 8
492 825 7
825 44 6
44 871 6
871 2347 7
2347 1497 7
1497 1994 6
1994 1333 8
1333 923 8
923 749 8
749 1031 5
1031 2250 5
2250 768 4
768 1631 6
1631 2377 9
2377 2135 8
2135 2900 7
2900 2638 6
2638 2866 7
2866 1425 10
1425 2854 12
2854 2025 8
2025 2340 7
2340 2811 6
2811 2891 10
2891 437 6
437 86 7
86 1363 6
1363 315 4
315 1515 8
1515 2095 8
2095 1266 7
1266 1231 6
1231 1747 6
1747 2728 6
2728 2873 5
2873 2840 8
2840 729 5
729 1235 6
1235 2668 7
2668 763 7
763 1760 10
1760 1964 8
1964 2234 4
2234 1679 9
1679 33 8
33 376 7
376 2472 10
2472 1988 9
1988 631 7
631 2566 5
2566 2176 8
2176 1503 7
1503 2018 9
2018 2586 10
2586 2376 12
2376 2934 6
2934 2096 5
2096 1144 7
1144 1308 4
1308 1385 6
1385 1472 6
1472 36 5
36 1276 9
1276 703 9
703 2007 3
2007 2131 7
2131 2051 5
2051 2858 10
2858 2390 5
2390 1037 5
1037 2435 6
2435 1910 14
1910 343 9
343 1145 6
1145 1413 5
1413 2494 8
2494 1693 6
1693 1035 9
1035 2490 8
2490 2312 8
2312 845 7
845 2766 9
2766 1583 8
1583 1214 6
1214 1401 7
1401 2048 4
2048 1082 10
1082 281 3
281 2362 9
2362 1182 6
1182 1038 5
1038 766 8
766 1150 5
1150 1539 8
1539 794 7
794 2010 7
2010 2014 2
2014 1752 8
1752 2 5
2 2190 4
2190 1429 13
1429 1521 7
1521 1662 10
1662 1108 7
1108 2120 7
2120 1906 5
1906 1391 12
1391 1001 7
1001 1842 12
1842 811 8
811 1865 5
1865 1463 7
1463 2294 9
2294 1633 7
1633 1971 9
1971 417 12
417 2427 3
2427 484 8
484 179 4
179 1349 6
1349 1603 6
1603 1434 4
1434 2617 8
2617 1484 8
1484 633 8
633 1904 8
1904 1102 5
1102 2167 3
2167 1185 9
1185 2534 9
2534 1529 6
1529 1824 9
1824 618 4
618 581 4
581 1296 8
1296 62 7
62 1403 7
1403 1110 9
1110 1498 7
1498 759 7
759 669 5
669 1416 5
1416 732 7
732 1085 7
1085 1570 4
1570 1269 5
1269 371 7
371 113 4
113 671 7
671 1240 4
1240 1195 9
1195 1766 5
1766 1218 9
1218 1128 8
1128 635 8
635 361 8
361 424 8
424 1981 6
1981 1015 9
1015 1450 3
1450 907 8
907 293 5
293 776 4
776 812 9
812 1011 5
1011 584 5
584 1368 5
1368 1502 9
1502 1063 10
1063 889 7
889 1700 7
1700 1056 6
1056 21 5
21 688 6
688 306 5
306 2654 7
2654 2478 8
2478 69 9
69 781 4
781 381 7
381 546 7
546 863 4
863 1612 17
1612 1311 23
1311 1439 3
1439 649 6
649 1919 6
1919 1840 8
1840 2553 7
2553 724 11
724 122 6
122 961 7
961 1088 9
1088 1241 4
1241 824 5
824 294 3
294 339 6
339 253 8
253 1701 12
1701 282 8
282 841 6
841 71 7
71 422 6
422 1564 7
1564 802 4
802 459 4
459 1105 7
1105 894 8
894 1689 6
1689 1960 9
1960 1069 4
1069 951 12
951 66 5
66 672 4
672 1935 8
1935 1684 4
1684 1636 6
1636 432 7
432 1704 9
1704 2600 7
2600 887 8
887 2027 5
2027 2367 10
2367 1260 8
1260 1337 4
1337 469 6
469 678 10
678 1194 5
1194 1458 11
1458 1272 4
1272 207 7
207 1325 3
1325 903 9
903 1879 11
1879 1896 7
1896 1844 8
1844 2200 7
2200 19 4
19 2649 3
2649 496 10
496 877 9
877 1079 8
1079 1566 7
1566 815 7
815 1808 8
1808 1317 7
1317 1339 12
1339 1208 4
1208 1116 10
1116 1542 12
1542 1785 8
1785 1916 8
1916 793 8
793 2285 9
2285 2314 8
2314 1838 6
1838 2273 7
2273 1047 10
1047 2577 8
2577 1629 10
1629 1761 12
1761 1289 15
1289 2032 9
2032 2178 10
2178 1030 12
1030 174 6
174 1796 5
1796 861 4
861 1036 8
1036 1389 5
1389 919 4
919 939 6
939 2245 6
2245 538 7
538 1934 6
1934 1191 6
1191 1509 6
1509 173 6
173 2824 9
2824 750 8
750 547 5
547 1465 4
1465 563 4
563 321 3
321 277 7
277 933 9
933 328 8
328 2265 10
2265 2779 12
2779 2171 15
2171 1651 9
1651 2002 17
2002 1764 15
1764 1125 12
1125 784 5
784 916 5
916 82 6
82 936 17
936 957 6
957 994 7
994 623 7
623 709 10
709 702 8
702 558 8
558 1275 12
1275 659 15
659 1941 9
1941 1885 7
1885 1815 7
1815 1292 11
1292 1485 6
1485 1996 6
1996 627 13
627 2033 7
2033 252 10
252 937 13
937 1406 23
1406 2407 5
2407 2699 12
2699 87 7
87 952 10
952 1534 11
1534 2452 11
2452 622 14
622 1159 7
1159 735 8
735 311 6
311 1222 6
1222 326 7
326 183 8
183 770 10
770 476 12
476 1098 8
1098 721 9
721 314 10
314 525 6
525 1293 7
1293 1427 10
1427 478 2
478 380 2
380 1186 6
1186 974 8
974 2491 9
2491 2277 10
2277 30 6
30 867 10
867 616 8
616 150 4
150 679 5
679 1810 6
1810 1866 11
1866 1364 10
1364 1478 8
1478 163 7
163 2263 7
2263 1530 6
1530 2232 8
2232 2331 4
2331 2185 9
2185 1114 12
1114 1746 6
1746 1695 4
1695 780 4
780 1980 6
1980 1347 12
1347 2621 12
2621 2769 8
2769 2464 9
2464 1812 8
1812 2275 8
2275 2305 8
2305 2414 5
2414 2819 10
2819 1483 3
1483 1645 6
1645 1046 7
1046 2426 3
2426 59 4
59 2768 8
2768 2632 11
2632 2760 11
2760 2396 10
2396 2325 6
2325 1595 8
1595 2356 7
2356 2814 6
2814 2460 3
2460 2467 12
2467 522 8
522 1594 8
1594 1365 8
1365 1158 9
1158 1719 5
1719 1375 5
1375 2485 8
2485 1501 6
1501 1493 4
1493 1381 5
1381 2666 6
2666 2144 6
2144 1664 7
1664 161 6
161 2724 8
2724 1987 8
1987 2207 10
2207 2477 7
2477 2075 4
2075 1601 5
1601 1172 15
1172 2276 5
2276 2284 5
2284 2152 7
2152 1544 7
1544 1756 6
1756 2523 6
2523 1533 10
1533 1370 5
1370 764 6
764 1677 6
1677 1142 7
1142 1834 7
1834 619 12
619 124 9
124 722 6
722 1307 6
1307 426 6
426 2121 5
2121 2441 5
2441 38 9
38 2753 8
2753 2059 4
2059 2572 6
2572 2837 8
2837 2721 8
2721 210 7
210 2526 7
2526 2474 3
2474 2398 9
2398 2083 8
2083 1775 8
1775 1115 6
1115 1845 7
1845 2716 6
2716 2021 7
2021 378 9
378 2300 4
2300 1420 7
1420 1670 10
1670 1968 9
1968 1267 10
1267 1479 6
1479 2788 8
2788 460 11
460 1138 5
1138 2547 10
2547 2381 13
2381 797 7
797 788 6
788 2231 6
2231 2449 5
2449 186 7
186 1804 7
1804 1310 7
1310 1280 5
1280 1165 6
1165 2082 5
2082 16 7
16 144 9
144 1461 4
1461 1909 6
1909 1792 4
1792 2410 6
2410 1973 6
1973 2295 11
2295 1992 6
1992 206 12
206 905 13
905 499 8
499 2197 7
2197 1180 11
1180 218 14
218 2052 14
2052 717 8
717 1428 6
1428 1477 3
1477 1745 4
1745 419 9
419 612 9
612 1911 8
1911 713 5
713 572 9
572 421 6
421 754 3
754 588 4
588 319 4
319 456 8
456 1561 10
1561 99 21
99 280 10
280 121 11
121 323 6
323 276 11
276 384 4
384 356 10
356 756 3
756 714 7
714 1937 5
1937 452 11
452 976 4
976 2338 6
2338 962 12
962 58 7
58 909 6
909 879 7
879 628 6
628 840 5
840 620 17
620 399 6
399 127 7
127 503 4
503 1136 8
1136 857 10
857 775 6
775 741 7
741 1097 13
1097 958 7
958 318 7
318 677 6
677 355 11
355 828 8
828 520 8
520 728 11
728 642 8
642 416 6
416 2371 7
2371 18 4
18 963 6
963 1541 4
1541 1183 7
1183 1900 8
1900 2614 8
2614 2001 8
2001 1826 11
1826 75 10
75 675 5
675 823 5
823 1672 6
1672 1107 4
1107 604 9
604 1426 5
1426 1359 8
1359 2438 9
2438 1287 7
1287 2798 6
2798 182 7
182 2267 6
2267 2542 7
2542 2085 6
2085 116 9
116 2270 5
2270 1947 7
1947 769 8
769 2050 10
2050 1559 7
1559 2678 6
2678 1807 6
1807 2762 4
2762 2609 10
2609 2731 4
2731 2094 10
2094 881 8
881 1419 6
1419 1686 7
1686 1049 8
1049 747 9
747 153 7
153 826 6
826 2114 9
2114 2335 9
2335 290 4
290 308 10
308 799 10
799 2061 8
2061 692 7
692 1956 9
1956 1813 7
1813 830 7
830 10 7
10 860 8
860 1162 9
1162 472 7
472 2194 5
2194 2784 8
2784 1798 10
1798 2351 10
2351 1549 4
1549 189 4
189 1507 4
1507 2871 5
2871 2685 5
2685 646 6
646 1091 4
1091 1524 9
1524 1334 8
1334 2106 7
2106 1637 12
1637 1802 7
1802 2537 12
2537 1790 8
1790 171 6
171 2863 6
2863 1912 8
1912 2538 5
2538 2626 8
2626 1873 4
1873 1871 6
1871 2455 8
2455 2656 11
2656 2417 6
2417 2493 9
2493 2720 5
2720 1451 10
1451 2209 4
2209 2874 8
2874 2539 6
2539 1277 8
1277 76 10
76 1642 4
1642 1608 4
1608 2877 8
2877 2256 8
2256 661 12
661 853 7
853 1545 8
1545 494 7
494 920 9
920 2633 8
2633 1414 5
1414 2246 8
2246 1396 6
1396 2510 8
2510 2181 6
2181 1649 8
1649 516 5
516 1299 10
1299 1628 8
1628 1487 6
1487 807 8
807 1213 4
1213 2249 4
2249 1860 5
1860 2444 6
2444 2732 8
2732 1526 11
1526 1609 3
1609 212 7
212 2020 7
2020 74 8
74 1062 7
1062 1122 8
1122 1784 6
1784 2138 8
2138 1320 6
1320 91 4
91 1124 7
1124 940 8
940 208 6
208 1592 5
1592 1220 4
1220 1867 4
1867 1890 6
1890 2771 10
2771 235 16
235 2242 7
2242 2841 8
2841 251 16
251 2944 8
2944 1692 7
1692 2520 7
2520 699 8
699 80 9
80 1537 8
1537 1356 8
1356 1773 7
1773 97 8
97 1788 7
1788 79 7
79 2589 6
2589 2662 7
2662 2280 8
2280 2875 7
2875 149 8
149 2588 8
2588 2911 10
2911 2703 4
2703 2254 4
2254 138 6
138 2601 7
2601 35 6
35 1990 4
1990 1290 9
1290 2739 10
2739 2230 6
2230 2271 6
2271 88 6
88 2081 7
2081 2380 4
2380 2901 7
2901 2787 5
2787 2596 10
2596 232 4
232 1475 7
1475 2940 6
2940 2931 8
2931 2939 12
2939 2948 13
2948 2298 9
2298 2201 6
2201 77 6
77 2451 6
2451 1938 8
1938 2810 6
2810 147 8
147 491 4
491 1078 8
1078 2251 5
2251 2433 10
2433 2881 9
2881 2454 8
2454 1467 3
1467 2206 4
2206 120 5
120 1729 6
1729 890 10
890 1997 6
1997 73 8
73 387 4
387 1402 7
1402 1965 10
1965 2815 10
2815 2315 10
2315 1247 10
1247 4 8
4 498 9
498 541 6
541 2086 8
2086 2320 9
2320 2401 7
2401 2182 7
2182 1657 9
1657 2098 11
2098 2369 6
2369 1811 6
1811 2610 5
2610 2618 9
2618 1814 8
1814 1171 6
1171 2244 8
2244 2278 11
2278 324 12
324 1958 9
1958 2897 9
2897 1928 10
1928 1074 6
1074 2330 11
2330 2087 6
2087 2581 4
2581 42 6
42 441 5
441 1753 8
1753 2560 10
2560 2695 9
2695 2677 7
2677 2499 4
2499 2932 8
2932 249 11
249 2391 7
2391 1445 8
1445 220 5
220 2905 5
2905 2919 9
2919 2693 6
2693 2879 6
2879 2354 8
2354 2942 11
2942 2785 8
2785 2922 7
2922 2947 4
2947 2924 5
2924 2946 8
2946 2605 13
2605 2212 5
2212 2580 10
2580 2895 7
2895 2445 7
2445 1854 2
1854 2174 7
2174 2844 8
2844 1039 8
1039 2938 4
2938 1386 10
1386 2257 4
2257 2143 10
2143 2153 6
2153 2885 8
2885 213 7
213 1023 4
1023 1914 4
1914 2024 10
2024 2343 8
2343 2636 6
2636 2729 4
2729 1141 6
1141 2569 10
2569 1197 11
1197 779 10
779 866 7
866 1332 10
1332 848 10
848 2372 11
2372 420 4
420 2047 8
2047 2509 6
2509 2532 11
2532 2752 6
2752 2504 7
2504 2754 6
2754 2443 7
2443 2360 8
2360 2706 7
2706 1246 6
1246 139 4
139 1795 4
1795 2794 3
2794 2816 4
2816 2549 5
2549 2054 6
2054 156 1
156 258 8
258 2594 3
2594 2770 5
2770 262 8
262 2108 6
2108 2088 10
2088 2631 7
2631 1438 8
1438 2756 7
2756 2238 7
2238 2056 4
2056 954 5
954 2912 9
2912 1151 6
1151 2193 10
2193 2786 5
2786 2535 8
2535 2046 8
2046 505 10
505 1489 7
1489 1780 16
1780 2203 10
2203 110 4
110 1324 10
1324 1111 9
1111 2097 6
2097 1899 7
1899 1902 10
1902 193 7
193 968 7
968 2124 10
2124 1754 9
1754 470 17
470 487 11
487 185 4
185 1106 10
1106 1189 10
1189 1710 8
1710 1492 6
1492 274 12
274 1442 5
1442 1547 8
1547 1057 6
1057 843 7
843 164 7
164 849 8
849 2727 10
2727 2148 6
2148 1217 10
1217 211 8
211 368 10
368 842 8
842 1232 7
1232 1273 4
1273 1052 7
1052 2943 10
2943 2308 11
2308 1898 14
1898 447 8
447 934 7
934 3 6
3 1065 6
1065 1930 8
1930 577 7
577 1946 7
1946 364 11
364 1872 8
1872 2868 11
2868 2856 8
2856 2608 8
2608 2403 10
2403 2800 8
2800 2910 8
2910 2915 6
2915 2865 16
2865 176 9
176 2893 11
2893 2641 7
2641 2042 10
2042 2738 10
2738 2415 12
2415 2388 6
2388 1548 6
1548 2480 14
2480 2402 6
2402 2923 7
2923 1470 8
1470 2776 4
2776 2892 10
2892 1285 10
1285 2484 8
2484 2355 4
2355 2930 7
2930 2925 7
2925 32 6
32 1436 4
1436 816 8
816 2908 4
2908 2941 8
2941 2916 4
2916 2928 6
2928 2927 11
2927 2933 13
2933 2842 9
2842 2821 9
2821 2349 6
2349 2073 6
2073 244 7
244 2170 7
2170 1847 5
1847 2836 7
2836 2838 8
2838 2531 8
2531 639 10
639 2411 10
2411 2172 7
2172 2406 5
2406 2711 7
2711 2562 12
2562 1462 7
1462 2757 10
2757 47 4
47 978 7
978 1546 7
1546 2514 6
2514 1621 6
1621 2187 12
2187 222 7
222 1943 10
1943 2482 5
2482 700 12
700 544 9
544 716 9
716 719 11
719 847 10
847 1454 9
1454 564 8
564 891 11
891 973 10
973 596 9
596 817 10
817 986 12
986 453 6
453 1119 8
1119 1027 10
1027 327 6
327 12 7
12 882 15
882 269 9
269 2103 15
2103 180 14
180 801 10
801 515 7
515 1060 6
1060 474 8
474 413 8
413 1143 6
1143 567 11
567 132 17
132 481 8
481 2092 22
2092 423 17
423 970 14
970 650 10
650 141 12
141 1551 10
1551 540 13
540 1041 8
1041 1843 6
1843 2015 14
2015 1887 10
1887 2515 15
2515 1408 11
1408 1198 13
1198 202 8
202 1032 4
1032 1979 14
1979 1625 12
1625 1367 18
1367 471 7
471 1486 11
1486 1977 8
1977 1791 13
1791 967 10
967 1644 4
1644 111 7
111 2221 7
2221 2536 10
2536 2091 10
2091 2043 9
2043 2429 6
2429 1087 10
1087 28 9
28 2008 7
2008 1066 6
1066 2613 9
2613 2524 10
2524 2366 12
2366 1805 4
1805 2156 6
2156 2080 7
2080 2748 7
2748 2301 16
2301 1647 21
1647 245 8
245 1706 6
1706 2255 12
2255 1522 7
1522 1424 10
1424 1759 21
1759 2598 18
2598 670 14
670 89 5
89 2213 7
2213 798 9
798 221 10
221 751 6
751 2104 7
2104 2198 10
2198 2860 8
2860 1781 9
1781 1939 5
1939 2079 8
2079 2416 7
2416 1893 11
1893 1160 6
1160 1634 4
1634 818 7
818 1626 6
1626 1972 4
1972 2827 10
2827 2208 10
2208 2363 7
2363 2119 11
2119 2564 8
2564 1271 6
1271 1749 6
1749 135 2
135 187 14
187 2133 10
2133 2781 4
2781 832 7
832 1876 14
1876 2949 8
2949 595 15
595 1517 8
1517 1155 7
1155 2235 4
2235 2604 7
2604 1441 4
1441 2763 7
2763 70 7
70 2522 5
2522 1298 9
1298 1184 6
1184 142 4
142 2361 6
2361 1270 7
1270 1728 10
1728 1382 4
1382 2906 14
2906 2489 12
2489 2778 5
2778 2461 8
2461 2817 6
2817 2801 10
2801 2882 4
2882 157 6
157 2146 4
2146 2500 8
2500 2248 12
2248 1703 8
1703 2307 9
2307 98 10
98 46 4
46 248 4
248 94 4
94 93 8
93 145 9
145 178 27
178 2511 7
2511 2016 4
2016 2492 7
2492 1643 4
1643 1936 5
1936 2696 4
2696 1856 7
1856 1161 9
1161 1853 6
1853 2341 14
2341 257 6
257 2835 5
2835 2236 9
2236 2336 6
2336 2750 12
2750 2219 7
2219 2887 8
2887 2909 6
2909 2833 7
2833 2110 12
2110 2463 5
2463 1193 8
1193 22 6
22 693 4
693 2101 12
2101 1763 7
1763 2644 6
2644 2723 10
2723 2342 10
2342 2859 10
2859 2918 6
2918 2078 9
2078 2352 8
2352 2175 5
2175 2211 5
2211 2831 6
2831 2809 4
2809 2789 9
2789 2746 5
2746 1836 6
1836 133 11
133 2157 7
2157 1244 4
1244 27 6
27 2828 7
2828 2592 13
2592 2822 9
2822 1974 7
1974 2292 7
2292 2579 8
2579 1357 5
1357 1404 4
1404 2697 8
2697 2127 8
2127 250 6
250 570 9
570 864 3
864 2634 8
2634 1648 6
1648 2166 6
2166 2818 4
2818 707 7
707 236 6
236 1618 4
1618 1591 5
1591 2247 6
2247 1412 3
1412 1908 4
1908 1203 4
1203 2628 4
2628 1917 2
1917 254 4
254 2683 4
2683 2503 9
2503 2430 6
2430 2717 5
2717 2652 7
2652 2334 6
2334 1476 6
1476 1889 10
1889 2253 10
2253 2839 8
2839 2832 8
2832 2764 3
2764 2333 8
2333 2847 7
2847 2469 4
2469 230 9
230 2488 6
2488 2619 5
2619 1831 6
1831 1829 7
1829 1718 7
1718 1630 5
1630 2688 10
2688 1822 4
1822 981 6
981 130 6
130 2264 6
2264 1613 6
1613 1048 5
1048 1787 6
1787 1096 8
1096 1094 7
1094 1639 7
1639 7 6
7 508 8
508 1061 6
1061 603 7
603 397 10
397 1092 8
1092 851 7
851 1016 6
1016 1557 7
1557 2359 7
2359 1437 6
1437 2505 10
2505 2643 7
2643 2704 6
2704 2123 6
2123 103 5
103 2795 8
2795 745 6
745 2259 5
2259 2473 7
2473 2899 4
2899 455 6
455 2623 7
2623 1948 7
1948 2825 9
2825 2935 6
2935 2603 10
2603 2332 5
2332 2622 9
2622 1610 7
1610 2691 8
2691 2669 6
2669 2289 6
2289 2805 6
2805 2145 9
2145 2883 10
2883 2286 6
2286 2700 7
2700 2917 5
2917 2214 10
2214 897 7
897 2796 6
2796 2155 5
2155 552 6
552 2647 7
2647 2913 7
2913 2134 10
2134 1237 6
1237 2130 6
2130 1459 8
1459 1588 7
1588 1741 7
1741 1468 9
1468 2674 8
2674 2563 8
2563 2884 5
2884 2456 6
2456 1581 6
1581 2920 7
2920 2849 8
2849 2802 4
2802 2823 3
2823 2850 7
2850 2299 7
2299 1623 6
1623 2629 6
2629 1540 6
1540 1051 7
1051 1227 6
1227 2195 6
2195 1667 7
1667 2902 5
2902 2348 5
2348 2665 7
2665 2937 4
2937 2886 7
2886 2655 8
2655 2392 3
2392 1345 10
1345 2055 6
2055 1481 8
1481 607 4
607 1076 7
1076 2637 7
2637 2541 9
2541 2118 13
2118 172 10
172 2327 10
2327 2829 4
2829 2708 7
2708 2183 9
2183 2606 6
2606 2702 4
2702 2561 8
2561 223 9
223 2218 7
2218 2513 4
2513 1452 6
1452 1488 11
1488 1103 6
1103 1967 6
1967 904 8
904 2090 9
2090 2834 8
2834 1986 8
1986 1431 4
1431 706 6
706 850 10
850 2517 6
2517 1021 6
1021 29 5
29 1371 8
1371 1803 6
1803 2651 10
2651 2555 9
2555 2567 5
2567 84 6
84 2306 4
2306 2191 6
2191 1901 6
1901 2790 5
2790 2147 4
2147 2346 7
2346 1783 3
1783 2659 7
2659 1518 8
1518 256 5
256 1800 8
1800 1175 7
1175 1611 7
1611 2698 4
2698 789 5
789 739 7
739 169 8
169 1480 5
1480 556 9
556 1274 8
1274 1740 9
1740 846 3
846 731 10
731 1504 4
1504 658 4
658 880 6
880 883 6
883 2282 8
2282 1882 6
1882 1090 8
1090 1674 10
1674 712 9
712 1192 7
1192 1922 4
1922 2023 6
2023 1070 6
1070 720 4
720 2648 7
2648 1675 6
1675 1118 6
1118 2568 8
2568 1713 8
1713 1862 5
1862 1536 9
1536 2180 7
2180 1397 6
1397 2673 7
2673 2142 7
2142 742 8
742 1024 7
1024 2022 8
2022 465 10
465 2479 8
2479 2072 4
2072 363 7
363 854 4
854 60 5
60 1709 6
1709 2385 4
2385 283 7
283 299 6
299 574 11
574 1510 12
1510 1635 6
1635 2129 6
2129 1881 9
1881 1139 3
1139 2151 11
2151 829 6
829 1384 8
1384 535 4
535 531 4
531 918 8
918 855 4
855 1532 7
1532 1233 9
1233 870 5
870 1755 7
1755 1671 7
1671 57 6
57 875 9
875 1318 7
1318 539 7
539 1666 5
1666 1281 4
1281 583 9
583 1140 7
1140 613 7
613 1913 4
1913 407 9
407 340 7
340 2780 8
2780 513 7
513 1739 8
1739 1614 11
1614 1163 5
1163 792 5
792 1553 5
1553 177 8
177 517 8
517 697 5
697 2112 8
2112 2889 10
2889 1828 11
1828 2667 7
2667 2397 4
2397 1113 8
1113 820 11
820 1322 6
1322 1727 8
1727 1121 5
1121 106 12
106 352 10
352 1771 6
1771 298 10
298 438 6
438 409 8
409 790 6
790 1622 6
1622 2006 9
2006 733 7
733 2269 9
2269 1388 9
1388 1888 12
1888 2487 5
2487 1925 5
1925 2791 6
2791 2658 3
2658 2689 7
2689 2437 10
2437 2495 8
2495 2422 7
2422 1409 9
1409 2737 8
2737 2726 6
2726 2595 4
2595 388 6
388 2066 9
2066 2857 7
2857 1352 8
1352 2316 5
2316 226 12
226 898 10
898 2851 4
2851 2533 5
2533 1778 4
1778 2519 4
2519 341 9
341 81 11
81 2898 4
2898 2432 3
2432 2546 6
2546 2227 5
2227 2030 4
2030 2680 9
2680 188 9
188 1716 6
1716 2272 8
2272 2896 6
2896 2565 4
2565 2775 9
2775 2309 9
2309 240 7
240 1415 6
1415 1659 2
1659 1562 11
1562 2237 7
2237 1725 10
1725 2303 10
2303 449 8
449 1259 11
1259 1685 4
1685 589 6
589 1714 15
1714 1681 6
1681 777 2
777 500 10
500 1884 6
1884 1344 6
1344 332 8
332 430 11
430 90 15
90 386 8
386 369 9
369 270 7
270 827 9
827 1954 6
1954 486 8
486 956 8
956 837 11
837 1552 12
1552 852 6
852 833 7
833 401 6
401 599 4
599 1152 9
1152 1723 4
1723 1569 8
1569 1258 8
1258 300 7
300 414 12
414 489 6
489 405 7
405 265 3
265 640 9
640 1383 5
1383 795 9
795 1178 10
1178 1313 14
1313 477 5
477 2223 4
2223 451 6
451 1034 4
1034 579 3
579 109 11
109 1372 10
1372 354 7
354 683 3
683 814 8
814 1690 4
1690 537 3
537 329 9
329 61 9
61 1750 6
1750 868 6
868 1188 5
1188 1806 12
1806 1708 8
1708 1641 7
1641 440 6
440 1131 3
1131 876 4
876 614 8
614 117 14
117 1319 9
1319 1029 10
1029 510 6
510 1374 7
1374 566 8
566 2000 11
2000 1377 7
1377 1295 7
1295 765 12
765 37 6
37 983 9
983 761 5
761 899 3
899 551 10
551 773 7
773 488 14
488 979 11
979 360 8
360 938 10
938 359 7
359 947 4
947 237 5
237 578 6
578 988 7
988 782 11
782 1316 4
1316 365 4
365 1229 5
1229 284 7
284 68 6
68 330 9
330 1776 6
1776 534 8
534 485 7
485 2084 6
2084 1323 7
1323 353 10
353 1042 12
1042 1567 6
1567 896 7
896 1590 7
1590 1343 6
1343 1602 7
1602 935 6
935 2405 12
2405 1251 6
1251 708 5
708 1797 8
1797 291 8
291 902 11
902 998 6
998 2162 7
2162 45 4
45 2169 5
2169 305 12
305 831 12
831 418 21
418 682 7
682 1004 13
1004 1137 10
1137 663 5
663 125 6
125 655 7
655 926 15
926 346 7
346 475 8
475 1411 8
1411 92 7
92 278 11
278 1002 8
1002 834 5
834 2734 6
2734 316 7
316 286 6
286 34 4
34 664 12
664 1861 19
1861 1071 10
1071 562 12
562 2528 9
2528 2681 12
2681 2386 9
2386 774 10
774 105 14
105 2701 7
2701 2516 10
2516 1527 7
1527 1300 8
1300 50 8
50 865 6
865 608 8
608 166 4
166 289 4
289 288 9
288 652 14
652 1735 7
1735 1915 8
1915 1394 11
1394 309 6
309 1268 16
1268 2830 15
2830 1821 6
1821 2749 17
2749 1734 9
1734 2630 15
2630 234 10
234 1212 10
1212 2226 7
2226 1801 15
1801 1361 9
1361 52 5
52 895 12
895 1005 7
1005 2419 6
2419 322 6
322 198 7
198 602 6
602 1 10
1 140 10
140 394 4
394 95 6
95 569 11
569 287 17
287 610 7
610 1632 10
1632 2465 12
2465 1878 9
1878 2428 14
2428 1474 12
1474 2149 15
2149 2576 7
2576 598 17
598 1127 12
1127 1774 11
1774 1315 10
1315 684 8
684 1765 6
1765 668 11
668 154 18
154 2459 10
2459 1399 10
1399 1597 6
1597 927 9
927 2163 11
2163 1101 13
1101 964 12
964 2772 3
2772 760 6
760 1190 8
1190 2239 9
2239 2404 10
2404 1176 12
1176 738 10
738 162 9
162 632 5
632 2003 15
2003 1369 15
1369 2216 13
2216 1355 10
1355 310 10
310 461 7
461 1482 14
1482 197 10
197 431 12
431 1577 5
1577 2318 7
2318 1417 7
1417 673 10
673 1228 8
1228 2679 6
2679 1331 10
1331 2258 12
2258 1219 12
1219 2425 8
2425 913 4
913 1640 7
1640 1335 6
1335 2132 6
2132 796 9
796 1963 11
1963 2394 6
2394 660 3
660 1146 9
1146 838 9
838 1205 7
1205 238 4
238 2448 2
2448 2164 9
2164 2755 9
2755 1348 8
1348 1875 5
1875 2507 4
2507 806 10
806 17 6
17 1130 4
1130 1261 7
1261 1366 4
1366 1827 4
1827 997 9
997 910 6
910 2005 7
2005 2642 9
2642 2888 8
2888 2914 5
2914 2136 6
2136 2412 6
2412 1084 8
1084 1923 4
1923 2624 3
2624 55 4
55 1147 2
1147 730 6
730 1525 9
1525 1080 4
1080 1841 7
1841 1575 10
1575 458 14
458 320 8
320 676 10
676 810 7
810 402 4
402 1338 4
1338 377 6
377 271 8
271 2302 4
2302 2019 6
2019 1850 6
1850 1825 6
1825 351 9
351 272 13
272 645 5
645 410 10
410 385 5
385 856 7
856 912 8
912 1444 9
1444 888 6
888 2158 9
2158 1446 8
1446 1950 7
1950 1823 8
1823 1855 9
1855 511 10
511 527 8
527 480 6
480 9 11
9 1837 3
1837 450 12
450 136 6
136 444 8
444 334 7
334 493 9
493 915 10
915 2848 9
2848 1809 11
1809 1223 7
1223 1817 7
1817 1857 7
1857 1093 10
1093 446 14
446 1655 12
1655 2028 14
2028 2855 17
2855 711 12
711 1576 9
1576 2751 23
2751 2036 35
2036 224 29
224 2878 18
2878 718 25
718 2357 31
2357 2890 12
2890 25 12
25 980 10
980 348 15
348 231 10
231 545 15
545 1606 17
1606 1858 12
1858 5 4
5 1680 8
1680 1354 10
1354 445 5
445 644 10
644 2107 7
2107 989 8
989 943 4
943 575 6
575 1742 10
1742 1658 10
1658 1563 14
1563 1400 6
1400 1656 8
1656 536 8
536 748 16
748 969 8
969 606 10
606 2508 16
2508 2627 4
2627 1050 14
1050 710 2
710 1702 7
1702 67 6
67 1362 5
1362 2436 6
2436 2692 8
2692 2747 8
2747 1892 10
1892 1301 8
1301 1751 6
1751 1769 6
1769 2803 8
2803 1733 7
1733 2074 4
2074 2383 8
2383 1818 9
1818 246 8
246 2543 3
2543 1711 10
1711 1440 8
1440 1768 9
1768 225 7
225 821 8
821 787 11
787 1302 6
1302 955 10
955 685 6
685 285 8
285 965 6
965 2168 8
2168 1284 10
1284 1513 6
1513 2268 11
2268 347 13
347 273 10
273 48 8
48 509 10
509 991 6
991 1894 7
1894 1697 8
1697 155 8
155 2486 12
2486 2113 7
2113 24 7
24 1327 4
1327 785 8
785 1652 7
1652 325 8
325 1379 3
1379 1007 6
1007 2012 7
2012 1985 4
1985 1744 4
1744 1993 4
1993 804 4
804 2735 8
2735 1330 6
1330 1927 3
1927 1044 7
1044 1839 5
1839 195 4
195 2470 3
2470 725 5
725 2413 4
2413 2045 2
2045 205 8
205 884 4
884 1204 5
1204 805 6
805 1169 12
1169 2290 7
2290 1737 7
1737 995 8
995 1336 11
1336 893 10
893 2070 6
2070 2675 6
2675 2466 6
2466 2767 4
2767 2076 4
2076 2861 8
2861 1615 7
1615 2442 8
2442 1717 10
1717 1736 8
1736 2593 12
2593 2876 8
2876 2733 6
2733 2926 10
2926 2409 6
2409 1712 7
1712 2761 7
2761 2660 5
2660 1874 4
1874 2458 7
2458 1820 6
1820 2921 4
2921 2894 6
2894 2671 7
2671 479 8
479 1584 8
1584 648 3
648 2852 8
2852 2742 6
2742 2945 4
2945 2597 4
2597 2071 9
2071 1905 14
1905 209 8
209 2615 9
2615 2382 8
2382 819 3
819 1018 8
1018 2159 7
2159 2862 11
2862 1294 10
1294 2038 5
2038 2506 7
2506 653 7
653 1605 6
1605 647 3
647 624 8
624 1786 8
1786 219 10
219 1083 10
1083 1395 6
1395 468 6
468 625 9
625 1920 5
1920 1283 11
1283 835 9
835 199 10
199 549 13
549 993 9
993 2040 11
2040 691 7
691 1312 10
1312 743 11
743 1112 4
1112 1013 10
1013 366 12
366 908 12
908 1653 5
1653 1264 14
1264 524 6
524 483 4
483 1984 6
1984 2179 4
2179 1201 9
1201 1012 6
1012 1531 11
1531 924 7
924 2026 10
2026 1239 10
1239 406 7
406 2525 7
2525 928 8
928 2545 7
2545 1596 8
1596 1957 10
1957 1983 8
1983 858 7
858 594 7
594 2418 5
2418 85 7
85 408 3
408 917 5
917 1257 7
1257 403 8
403 982 9
982 2189 9
2189 2105 12
2105 2049 10
2049 1199 7
1199 1731 8
1731 550 11
550 247 7
247 2476 8
2476 2799 11
2799 1456 4
1456 2571 9
2571 2574 6
2574 2057 9
2057 215 4
215 2160 7
2160 1819 11
1819 1694 6
1694 1358 7
1358 466 5
466 1578 8
1578 1153 6
1153 2421 6
2421 1166 6
1166 1582 7
1582 580 6
580 1058 8
1058 1945 6
1945 395 7
395 1265 8
1265 1135 10
1135 118 4
118 1624 4
1624 1500 7
1500 1654 6
1654 2552 4
2552 2869 6
2869 2154 6
2154 1580 8
1580 1017 6
1017 2690 4
2690 1683 4
1683 836 9
836 960 5
960 1286 6
1286 2329 6
2329 1226 6
1226 181 6
181 2653 6
2653 2743 4
2743 1907 6
1907 2365 2
2365 1321 6
1321 1278 4
1278 1572 2
1572 1390 3
1390 2229 7
2229 2274 5
2274 1944 8
1944 528 5
528 2867 7
2867 1868 7
1868 2202 10
2202 772 4
772 874 4
874 1202 6
1202 243 6
243 2297 4
2297 629 3
629 734 4
734 2713 4
2713 504 6
504 1154 7
1154 129 4
129 2635 6
2635 2826 5
2826 2501 5
2501 1676 3
1676 885 4
885 637 5
637 2399 4
2399 1250 4
1250 151 4
151 591 3
591 1206 4
1206 159 6
159 1133 4
1133 736 4
736 1392 7
1392 143 8
143 375 4
375 393 5
393 331 6
331 753 5
753 778 5
778 507 7
507 1975 9
1975 374 10
374 8 7
8 427 7
427 2102 7
2102 791 6
791 953 4
953 2843 8
2843 1587 4
1587 1846 10
1846 2225 5
2225 2184 9
2184 705 7
705 1816 6
1816 1499 4
1499 674 8
674 1291 5
1291 1779 4
1779 1422 6
1422 2279 5
2279 1081 7
1081 1550 7
1550 2364 6
2364 1123 3
1123 1314 6
1314 944 5
944 335 7
335 337 9
337 1880 5
1880 165 7
165 597 6
597 1117 6
1117 302 4
302 2573 5
2573 264 9
264 266 4
266 568 2
568 0 7